matrix = [  [4.864442019691668 6.1278310504071225 0.823729881966474 7.933250841302241 9.16941217947456 9.962578393535727 6.60245378622389 4.505631066311552 5.796950107456059 9.497648732321206];
            [5.898011835311598 8.950389674266752 8.49485965186367 8.116287085078785 2.7563412131212717 7.052833998544062 3.912960502346249 5.405999249480544 9.230824398201769 8.98173121357879];
            [8.424602231401824 9.233810159462806 8.767703708227748 7.576039219664368 0.8982436119559367 4.765309920093808 6.566593889896288 6.127731798686067 1.867295282555551 1.8939132855435614];
            [2.90329502402758 5.756510141648885 3.8490114597266043 5.962868615831063 4.4498902627551615 5.8761706417543635 6.03185627961383 9.638385459738009 5.402836069703239 8.14466863291336];
            [5.474409113284238 7.065614098668896 5.512672460905512 1.0905784593110368 9.328338242269067 5.07940642520574 3.2005460467254574 0.8044581855253541 4.479695714355704 8.0317946927987];
            [9.675402502901434 2.3861592861522016 5.675107406206719 1.9106709150239054 8.704712321086546 3.252043627473901 2.4391087688713196 8.676027754927809 4.935778664653246 0.011428193144282783];
            [6.681532012318509 8.24844977148233 3.9882354222426875 7.1970468640395415 0.14041700164018955 5.486993038355893 8.050278270130223 2.604923103919594 8.6530992777164 4.77009776552717];
            [9.666063677707587 9.130110532378982 6.1088697344380165 4.341718354537837 1.007012080683658 4.721427154527134 6.839839319154413 8.988382879679936 7.298317482601286 3.1014756931933265];
            [9.021659504395828 8.102172359965895 9.827854760376532 9.097462559682402 2.5050634136244057 6.183689966753317 7.558042041572239 2.8183784439970383 5.046868558173903 9.081128851953352];
            [5.833820394550312 4.765969541523559 3.0331272607892745 7.837985890347726 4.049341374504143 5.112747213686085 2.5891675029296337 4.20571580830845 7.579544029403024 8.444218515250482];]

vector = [1.006075202160962, 8.159130965336596, 3.3253614921965546, 7.9458297171057595, 2.204605368678285, 1.1713429320851798, 7.3148922079084775, 2.4303562206185623, 8.450775756715153, 6.301473404114728]

matrix*vector.'
matrix1 = [9.675402502901434 2.3861592861522016 5.675107406206719 1.9106709150239054 8.704712321086546 3.252043627473901 2.4391087688713196 8.676027754927809 4.935778664653246 0.011428193144282783];
matrix1*vector.'

% 
% temp = [ 4.8644    6.1278    0.8237    7.9333    9.1694    9.9626    6.6025    4.5056    5.7970    9.4976]
% vector_rev = [6.301473404114728, 8.450775756715153, 2.4303562206185623, 7.3148922079084775, 1.1713429320851798, 2.204605368678285, 7.9458297171057595, 3.3253614921965546, 8.159130965336596, 1.006075202160962]
% 
% temp.*vector.'

% verilog
% matrix = 2, 1, 4, 8
% vector = 3, 5
% matrix_2x2 = [[8 4] ;
%               [2, 1];]
% 
% vector_2x1 = [5, 3]
% 
% matrix_2x2*vector_2x1.'



% verilog
% m3x3 = [[4.864 6.127 1.823];
%         [7.9332 9.169 9.962];
%         [6.602 4.505 5.796]]
% v3x3 = [1.006 8.159 3.325]
% 
% m3x3*v3x3.'

